0.735710
0.729404
0.725004
0.722448
0.716807
0.709888
0.706539
0.698998
0.687864
0.670431
0.662195
0.651371
0.648723
0.649872
0.653156
0.641690
0.620992
0.610975
0.604685
0.604374
0.607457
0.614824
0.622590
0.627002
0.631760
0.637378
0.643880
0.650161
0.654578
0.657251
0.657388
0.658222
0.661122
0.660942
0.664016
0.675055
0.686203
0.697463
0.709136
0.721127
0.728299
0.732801
0.734302
0.734313
0.733665
0.733024
0.731996
0.731877
0.731466
0.732351
0.733266
0.735065
0.738072
0.739794
0.740992
0.742521
0.744303
0.746868
0.747751
0.746234
0.744221
0.744549
