0.808469
0.800042
0.783159
0.778512
0.762735
0.747016
0.719541
0.705552
0.709039
0.705642
0.705951
0.710598
0.707508
0.709467
0.725085
0.744440
0.760487
0.776044
0.786974
0.793947
0.794695
0.802316
0.806294
0.813012
0.815557
0.809434
0.808552
0.811269
0.813135
0.810621
0.802751
0.807226
0.809448
0.799472
0.800980
0.805483
0.805905
0.803641
0.797863
0.794815
0.797263
0.798353
0.796870
0.793297
0.795071
0.794412
0.793987
0.795620
0.796295
0.798474
0.800064
0.800839
0.803791
0.807687
0.812355
0.813304
0.808696
0.807218
0.812387
0.814627
0.818616
0.821220
