-0.022850
-0.021496
-0.024874
-0.026392
-0.025928
-0.025430
-0.024428
-0.022240
-0.020268
-0.022491
-0.021035
-0.022539
-0.022144
-0.027296
-0.021379
-0.035938
-0.031887
-0.026357
-0.023736
-0.022840
-0.025543
-0.026958
-0.031514
-0.028829
-0.029078
-0.024419
-0.024930
-0.023929
-0.024788
-0.022195
-0.024389
-0.024019
-0.016132
-0.019300
-0.023776
-0.023390
-0.023865
-0.022528
-0.024793
-0.030594
-0.022188
-0.023357
-0.024596
-0.024916
-0.026233
-0.024327
-0.023480
-0.022258
-0.019589
-0.021458
-0.021512
-0.024285
-0.024091
-0.024068
-0.028764
-0.024135
-0.025811
-0.025260
-0.029387
-0.027232
-0.029326
-0.024720
