-0.003176
0.011393
0.013643
0.017376
0.021206
0.009795
0.017149
0.008048
0.018183
0.015391
-0.001084
0.011483
0.009081
0.017304
0.009052
0.016588
0.005928
0.012152
0.001238
0.013757
0.009588
0.019127
0.010713
0.017830
0.014831
0.003239
0.011750
0.015535
0.016840
0.018499
0.011286
0.007140
0.014898
0.014118
0.016946
-0.002644
0.007616
0.028196
0.019671
0.015429
0.002952
0.005816
0.024914
0.011662
0.010243
0.011915
0.010640
0.004160
0.011315
0.018461
0.014888
0.019385
0.014789
0.015693
0.011966
0.002391
0.007673
0.018593
0.033724
0.007864
0.006107
0.003232
