0.826306
0.823879
0.816062
0.806999
0.802196
0.795313
0.784997
0.774477
0.768770
0.777317
0.793624
0.804287
0.752464
0.738181
0.733905
0.752520
0.773562
0.795291
0.809021
0.818786
0.822556
0.822042
0.830606
0.837094
0.844511
0.849872
0.849686
0.847480
0.847241
0.847574
0.845702
0.840005
0.843767
0.851999
0.854436
0.858295
0.870281
0.869074
0.864733
0.862463
0.860226
0.866362
0.869529
0.873307
0.871840
0.872770
0.870913
0.866361
0.866030
0.863750
0.864372
0.864275
0.867187
0.875455
0.882332
0.892108
0.897468
0.893318
0.890616
0.897241
0.910322
0.919267
