0.865915
0.859491
0.851461
0.847739
0.838429
0.828387
0.815747
0.807610
0.806717
0.814085
0.824259
0.832330
0.832269
0.837045
0.848163
0.858031
0.865855
0.867907
0.867471
0.865576
0.862943
0.862139
0.872884
0.880631
0.890089
0.890752
0.892432
0.890586
0.891690
0.892973
0.896549
0.898090
0.894138
0.895588
0.897503
0.897550
0.897485
0.891789
0.884650
0.879591
0.879764
0.883749
0.883662
0.891519
0.898463
0.904807
0.908622
0.909024
0.911238
0.907196
0.908105
0.904335
0.903282
0.902288
0.900604
0.898824
0.893668
0.889574
0.893713
0.896429
0.897001
0.900911
