0.688806
0.682963
0.681238
0.677199
0.674613
0.674996
0.673724
0.662030
0.650057
0.644757
0.639243
0.638102
0.635077
0.627181
0.615958
0.605873
0.596787
0.588183
0.582397
0.574458
0.566637
0.561233
0.558202
0.560497
0.566713
0.573862
0.575203
0.544107
0.531508
0.515798
0.504473
0.497195
0.490999
0.485931
0.478199
0.469650
0.461225
0.456907
0.455333
0.454042
0.451185
0.450657
0.448334
0.443473
0.445033
0.439471
0.437463
0.430480
0.421734
0.410879
0.402881
0.395538
0.389295
0.384171
0.382301
0.380767
0.379293
0.374975
0.373625
0.372672
0.373550
0.374339
