0.012224
0.008155
0.013478
0.013984
0.011442
0.010362
0.012767
0.011212
0.010989
0.011287
0.013892
0.012885
0.014586
0.013719
0.016590
0.012506
0.015001
0.015130
0.011102
0.012038
0.015385
0.011183
0.010890
0.009236
0.011416
0.014058
0.012183
0.011960
0.012179
0.012139
0.007894
0.009870
0.011006
0.012462
0.014117
0.009812
0.010940
0.014088
0.015589
0.009673
0.010378
0.009444
0.012456
0.010960
0.018464
0.018268
0.014855
0.013161
0.011424
0.009983
0.013317
0.010595
0.009811
0.011369
0.011636
0.014574
0.015351
0.011591
0.009633
0.010150
0.007874
0.011373
