0.004180
-0.001366
-0.010530
-0.001518
0.003027
-0.000494
-0.000956
-0.001705
0.000337
0.000899
0.003511
0.006794
0.008017
-0.001104
0.011174
0.005479
0.011621
0.009756
0.006878
0.006417
0.007072
0.004702
0.001180
0.002034
0.001132
0.004636
0.001120
0.001918
0.000853
-0.000442
0.004098
0.003545
0.001842
0.001200
0.003824
0.001594
0.007209
0.001995
0.000812
0.004296
0.004453
0.006058
0.002700
0.002349
0.004320
-0.001425
0.000830
0.002746
0.002825
-0.002495
0.001202
-0.002148
0.000816
-0.000193
0.001518
0.001998
0.004222
0.002303
0.000860
0.000551
-0.000166
0.002250
