0.798559
0.795305
0.788164
0.780900
0.772652
0.762537
0.744605
0.737599
0.731179
0.732961
0.740547
0.749729
0.750219
0.745458
0.745214
0.749825
0.755545
0.762002
0.767086
0.768935
0.770043
0.766165
0.762555
0.761732
0.764530
0.767756
0.771313
0.773138
0.775178
0.774188
0.772802
0.780219
0.785334
0.792866
0.798364
0.802318
0.806531
0.807292
0.806833
0.806184
0.807333
0.812499
0.818692
0.825389
0.831987
0.836320
0.838807
0.840580
0.841749
0.843751
0.844477
0.842215
0.840491
0.838159
0.832219
0.827650
0.818317
0.813438
0.812104
0.816246
0.821695
0.826921
