0.944287
0.939516
0.923416
0.908555
0.897481
0.889322
0.872329
0.859041
0.844925
0.851455
0.864498
0.871970
0.914819
0.933281
0.938552
0.944347
0.948095
0.950529
0.948785
0.943587
0.933940
0.929996
0.935823
0.941021
0.949331
0.952987
0.953508
0.954241
0.954030
0.950446
0.940071
0.931960
0.926653
0.924584
0.924036
0.934497
0.944103
0.942185
0.939572
0.940256
0.941112
0.946874
0.947873
0.952068
0.957491
0.959972
0.960687
0.971387
0.984907
0.994200
1.000126
1.001727
1.005252
1.006572
1.006019
1.003889
0.997970
0.989748
0.990209
0.998300
1.007025
1.015794
