0.958410
0.961784
0.951120
0.934584
0.914240
0.888601
0.867917
0.842059
0.826911
0.824290
0.832201
0.846291
0.885133
0.847860
0.824138
0.824967
0.835914
0.843783
0.851869
0.862061
0.861771
0.865765
0.872563
0.877115
0.846498
0.832469
0.807163
0.787122
0.778115
0.768493
0.763552
0.768621
0.773051
0.783152
0.791121
0.800326
0.806024
0.801831
0.797668
0.801181
0.804199
0.801470
0.793123
0.791080
0.788246
0.784314
0.776949
0.773142
0.772200
0.767288
0.778907
0.796538
0.788385
0.785045
0.769896
0.757934
0.745871
0.738781
0.738832
0.734502
0.735523
0.740457
